485,
5363,
5371,
5380,
5398,
5401,
5428,
5444,
5452,
5479,
5495,
5517,
5550,
5754,
5770,
5819,
5835,
5851,
5878,
5908,
5916,
5932,
6009,
6033,
7811,
9407,
9784,
16950,
16969,
16977,
16993,
17019,
17027,
17035,
17051,
17060,
17094,
43087,
45284,
45292,
45306,
45314,
45322,
45330,
45349,
45357,
45365,
45373,
45381,
45390,
45403,
45411,
46540,
46566,
46582,
46590,
46604,
46612,
46620,
46639,
47660,
47678,
47848,
47856,
56138,
56294,
56383,
56391,
56405,
56413,
56421,
56430,
56456,
56464,
56472,
56480,
56499,
57657,
58076,
58084,
60712,
66478,
67431,
67830,
69019,
69914,
73440,
73458,
73466,
73628,
73636,
73644,
73652,
73776,
74322,
74365,
90999,
91006,
91030,
91065,
91073,
94293,
94315,
95400,
95419,
96270,
96288,
96296,
96300,
96318,
96326,
96334,
96342,
96350,
96369,
96377,
96385,
96393,
96407,
96415,
96423,
96431,
96440,
96458,
96466,
96474,
96482,
96490,
96504,
96512,
96520,
96539,
96547,
96555,
96563,
96571,
96580,
96598,
96601,
96610,
96628,
96636,
96644,
96652,
96660,
96679,
96687,
97071,
97080,
97098,
97101,
97110,
97128,
97136,
97144,
97152,
97160,
97179,
97187,
97195,
97209,
97217,
97225,
97233,
97241,
97268,
97276,
97284,
97292,
97306,
99422,
99430,
99449,
99457,
99465,
99473,
99481,
99490,
99503,
99511,
102580,
102830,
103098,
104612,
108103,
108111,
108120,
109223,
109231,
110590,
110981,
111082,
111341,
113190,
116165,
122777,
123625,
124370,
125423,
125580,
125598,
125601,
125610,
125628,
125636,
125687,
125695,
125709,
125881,
127655,
128589,
129240,
131342,
135135,
136514,
138509,
138517,
139270,
150184,
150341,
150376,
150448,
150517,
150764,
150983,
151012,
191505,
191510,
191515,
191520,
191525,
191530,
191535,
191540,
191550,
191560,
191595,
198905,
198915,
199130,
199140,
199150,
213914,
214577,
214578,
214579,
214580,
214581,
214582,
214583,
214584,
214585,
214586,
214587,
214588,
214589,
214590,
214591,
214592,
214593,
214594,
214595,
214596,
214597,
214598,
214599,
214600,
214601,
214602,
214603,
214604,
214605,
214606,
214607,
214608,
214609,
215091,
215092,
215093,
215094,
215095,
215096,
215097,
215098,
215099,
215100,
215101,
215102,
215103,
215104,
215105,
215106,
215107,
215111,
215112,
215113,
215114,
215115,
215116,
215117,
215118,
215462,
216422,
216423,
216424,
216425,
216426,
216514,
216515,
216516,
216517,
216518,
216519,
216520,
216521,
216522,
216523,
216524,
216525,
216529,
216530,
216531,
216532,
216533,
216534,
216535,
216536,
216537,
216592,
216593,
216594,
216595,
216596,
216597,
216598,
216599,
216600,
216601,
216602,
216603,
216604,
216605,
216606,
216607,
216608,
216609,
216610,
216611,
216612,
216613,
216614,
216615,
216616,
216617,
216618,
216619,
216620,
216621,
216622,
216623,
216624,
216625,
216626,
216627,
216628,
216629,
216630,
216631,
216632,
216633,
216634,
216635,
216636,
216637,
216638,
216639,
216640,
216641,
216642,
216643,
216644,
216645,
216646,
216647,
216648,
216649,
216650,
216651,
216652,
216653,
216654,
216655,
216656,
216657,
216658,
216659,
216660,
216661,
216662,
216777,
216778,
216779,
216780,
216781,
216782,
216783,
216784,
216785,
216786,
216787,
216788,
216789,
216790,
217008,
217118,
217119,
217120,
217121,
217122,
217123,
217124,
217125,
217126,
217127,
217128,
217198,
217199,
217213,
217214,
217521,
217522,
217523,
217524,
217525,
217526,
217527,
217528,
217529,
217530,
217531,
217532,
217533,
217534,
217535,
217536,
217537,
217538,
217539,
217540,
217541,
217542,
217543,
217544,
217545,
217546,
217547,
217548,
217549,
217550,
217551,
217552,
217553,
217554,
217555,
217556,
217557,
217558,
217559,
217560,
217561,
217562,
217563,
217564,
217565,
217566,
217567,
217568,
217569,
217570,
217571,
217572,
217573,
217574,
217575,
217576,
217577,
217578,
217579,
217580,
217581,
217582,
217583,
217584,
217585,
222815,
222816,
222817,
222818,
222819,
222820,
222821,
224387,
224388,
224389,
224390,
224391,
224392,
224393,
224394,
224395,
224396,
224397,
224398,
224399,
224400,
224401,
224402,
224403,
224404,
224405,
224406,
224407,
224408,
224409,
224410,
224411,
224412,
224413,
224414,
224415,
224416,
224417,
224418,
224419,
224420,
224421,
224422,
224423,
224424,
224425,
224426,
224427,
224428,
224429,
224430,
225840,
225841,
225842,
225843,
225894,
225895,
225896,
226222,
226223,
226224,
226225,
226226,
226227,
226228,
226229,
226230,
226231,
226232,
226233,
226234,
226235,
226236,
226237,
226238,
226240,
226241,
226242,
226243,
226246,
226247,
226248,
226249,
226250,
226251,
226252,
226253,
226254,
226255,
226256,
226257,
226258,
226259,
226260,
226261,
226262,
226263,
226264,
226265,
226266,
226267,
226268,
226269,
226270,
226271,
226272,
226273,
226274,
226275,
226276,
226277,
226340,
226383,
226385,
226386,
226387,
226388,
226389,
226390,
226391,
226392,
226394,
226395,
226396,
226397,
226398,
226399,
227037,
227038,
227039,
227040,
227041,
227042,
227043,
227044,
227045,
227046,
227219,
227220,
227811,
227812,
227816,
227817,
227818,
227819,
227821,
227822,
227824,
227825,
227826,
227877,
227878,
227879,
227898,
227940,
228338,
228445,
228446,
228448,
228449,
228450,
228461,
228462,
228491,
228548,
228668,
228669,
228670,
228671,
228715,
228716,
228717,
228718,
228723,
228724,
228725,
228743,
228744,
228745,
228746,
228747,
228748,
228749,
228753,
228754,
228755,
228756,
228757,
228759,
228760,
228761,
228762,
228763,
228764,
228765,
228766,
228767,
229331,
229723,
230894,
230906,
230944,
230946,
230949,
231173,
231461,
231462,
231465,
231540,
231541,
231793,
231825,
231826,
232108,
232238,
232244,
232704,
232723,
232724,
232725,
233181,
233255,
233431,
233587,
233870,
233871,
233872,
233882,
233892,
233929,
234351,
234365,
234381,
234388,
234389,
234775,
235090,
235449,
235451,
235452,
235453,
235783,
235949,
235950,
236114,
236144,
236145,
236416,
236607,
236685,
236703,
236873,
237085,
237086,
237600,
238059,
238112,
238148,
238343,
238344,
238374,
238503,
238581,
239168,
239170,
239184,
239185,
240007,
240598,
240606,
240702,
240824,
241528,
241565,
241567,
241568,
241621,
241623,
241664,
241665,
241666,
241677,
241680,
241982,
242061,
242118,
242190,
242215,
242712,
242888,
242895,
243155,
243168,
243170,
243172,
243301,
243302,
243303,
243304,
243305,
243306,
243307,
243308,
243810,
244124,
244249,
244283,
244293,
245345,
245346,
245347,
245412,
245598,
246078,
246118,
246125,
246129,
246175,
246176,
246183,
246184,
246498,
246500,
246562,
246563,
246952,
247142,
247143,
247144,
247450,
247461,
247699,
247823,
248012,
248014,
248093,
248207,
248823,
249267,
249383,
249992,
250001,
250032,
250033,
250039,
250040,
250195,
250196,
250197,
250199,
250200,
250203,
250214,
250215,
250216,
250218,
250328,
250886,
251545,
251546,
252135,
252418,
252419,
252420,
252421,
252422,
252440,
253843,
254407,
254408,
254411,
254412,
254415,
254693,
254694,
254699,
254720,
254722,
255202,
255203,
255204,
255757,
255758,
255759,
255760,
255762,
255764,
255933,
255934,
255935,
255936,
255937,
255939,
255940,
255941,
256043,
256100,
256103,
256105,
256106,
256113,
256114,
256199,
256200,
256201,
257299,
257548,
258024,
258025,
258029,
258065,
258066,
258067,
258068,
258069,
258070,
258093,
258112,
258113,
258200,
258206,
258245,
258246,
258247,
258248,
258249,
258252,
258254,
258255,
258268,
258270,
258271,
258272,
258360,
259671,
259699,
259721,
259722,
259871,
260214,
260288,
260289,
260365,
261317,
261412,
261760,
262376,
262551,
262552,
262680,
262696,
262844,
262909,
262923,
262924,
262925,
262926,
262927,
263388,
263408,
263606,
263657,
264135,
264792,
264824,
265504,
265707,
265924,
266252,
266253,
266879,
266880,
266881,
267864,
268316,
268318,
269088,
269245,
270201,
270718,
271044,
271046,
271739,
271741,
272144,
272146,
272208,
272270,
272727,
272816,
272934,
273083,
273210,
273211,
273212,
273214,
273215,
273222,
273259,
274363,
274364,
274368,
274411,
274412,
274416,
274417,
274418,
274419,
274421,
274427,
274432,
274433,
274847,
274848,
274850,
274852,
274853,
274854,
274855,
274856,
274858,
275018,
275020,
275194,
275195,
275196,
275197,
275203,
275205,
275635,
275637,
275735,
276351,
277326,
277610,
278803,
278898,
278899,
278900,
278903,
278906,
278907,
278917,
278919,
278921,
278925,
278945,
279289,
279293,
279294,
279296,
279319,
279320,
279322,
279324,
279325,
279328,
279331,
279333,
279334,
279354,
279356,
279357,
279364,
279429,
279595,
279599,
279600,
279721,
279722,
279723,
279724,
279725,
279845,
280454,
280631,
280671,
280707,
280757,
281372,
281862,
281887,
281926,
282853,
283146,
283250,
283328,
283717,
283733,
283735,
284231,
284611,
284612,
284647,
285654,
286818,
286849,
287128,
287522,
287523,
287524,
287525,
288522,
288682,
288717,
289505,
289877,
290399,
290700,
290948,
291108,
291305,
291627,
291738,
292479,
292654,
293132,
294386,
294564,
295788,
295789,
295792,
295794,
295796,
295798,
295799,
295808,
295815,
295821,
295822,
295825,
295995,
296309,
296335,
296336,
296404,
296405,
296406,
297379,
297384,
297385,
297386,
297390,
297391,
297408,
297409,
297450,
297483,
297489,
297558,
297635,
299059,
299338,
299417,
300205,
300575,
300669,
300780,
300787,
300996,
301096,
301097,
301099,
301100,
301101,
301102,
301103,
301104,
301300,
301511,
301845,
301852,
301923,
301930,
302463,
302625,
302626,
302627,
302630,
302870,
302996,
303843,
304329,
304333,
304346,
304352,
304371,
304378,
304394,
304428,
304429,
304986,
304987,
305182,
305184,
305681,
305785,
305943,
306136,
307047,
307057,
307058,
307059,
307096,
308435,
308604,
308605,
308606,
308607,
308608,
308609,
308610,
308611,
308612,
308619,
308620,
308671,
308677,
308682,
309586,
309630,
309740,
309747,
309749,
310113,
310114,
310115,
310117,
310125,
310126,
310127,
310136,
310771,
312612,
312951,
313232,
313233,
313234,
313586,
314183,
314189,
314207,
314208,
314215,
314220,
314392,
314397,
314644,
314674,
315756,
315858,
315891,
315895,
315900,
316153,
316155,
316160,
316172,
316175,
316376,
316538,
317245,
317605,
317733,
317934,
318439,
319023,
319196,
320860,
320861,
320867,
320868,
320874,
320886,
320889,
320890,
321037,
321061,
321082,
321085,
321086,
321088,
321089,
321092,
321097,
321119,
321120,
321244,
321363,
321788,
321793,
321794,
321798,
322329,
322633,
322634,
324314,
324315,
324316,
325660,
325661,
325662,
325847,
326833,
327123,
327866,
328160,
328292,
328443,
329103,
329104,
329105,
329106,
329107,
329108,
329109,
329112,
329113,
329114,
329423,
329633,
329989,
330072,
330283,
330284,
330486,
332354,
332355,
332387,
332412,
332414,
332418,
332436,
332437,
332438,
332439,
332440,
332489,
332505,
332506,
332507,
332509,
332510,
332511,
332512,
332513,
332528,
332551,
332565,
333094,
333095,
333097,
333098,
333099,
333100,
333101,
333102,
333745,
333799,
335229,
335418,
336144,
336161,
336583,
336584,
337500,
337568,
337762,
337777,
337778,
337985,
339182,
339302,
339949,
340648,
340659,
340660,
340662,
341071,
342760,
342761,
342766,
342770,
342777,
343398,
345365,
346596,
346597,
346741,
346995,
347002,
347005,
347022,
347023,
347168,
347170,
347380,
349915,
350281,
350283,
350468,
350469,
350470,
350471,
350476,
350566,
350567,
350655,
351578,
352217,
352298,
352864,
354035,
355169,
355212,
355365,
355452,
355513,
355887,
357627,
358047,
358372,
358493,
358828,
359585,
359994,
360257,
360421,
360525,
361196,
361252,
361253,
361254,
361643,
361648,
361649,
362040,
362041,
362042,
362043,
362987,
363083,
363090,
364403,
364497,
365468,
365470,
365488,
366260,
366261,
366262,
366263,
366264,
366265,
366266,
366267,
366268,
366269,
366270,
366271,
366272,
366273,
366274,
366278,
366279,
366280,
366281,
366282,
366283,
366284,
366296,
366297,
366353,
368880,
368881,
369025,
369027,
369408,
369541,
369885,
369943,
370432,
370438,
370440,
370692,
370897,
370898,
371137,
371138,
372891,
373114,
373160,
373161,
373162,
373163,
373166,
373167,
373168,
373169,
373170,
373171,
373172,
373173,
373174,
373175,
373176,
373177,
373178,
373179,
373180,
373181,
373188,
373189,
373190,
373191,
373192,
373204,
373208,
373220,
373853,
373854,
374632,
376111,
376118,
376119,
376120,
376223,
377009,
377078,
377081,
377533,
377822,
379178,
380004,
381033,
381038,
382285,
382286,
382329,
382330,
382332,
382436,
382437,
382438,
382514,
382517,
382518,
382519,
382520,
382521,
382523,
382526,
382534,
383177,
383472,
384414,
384794,
385308,
385368,
385369,
385458,
385493,
386248,
386249,
386250,
386251,
386383,
388286,
389126,
389127,
389128,
389208,
389209,
389211,
389212,
389215,
389216,
389217,
389222,
389223,
389224,
389225,
389226,
389227,
389232,
389233,
389234,
389235,
389236,
389237,
389238,
389239,
390119,
390428,
390432,
392054,
392314,
392668,
395540,
395544,
396159,
396160,
396161,
396162,
396163,
396164,
396165,
396190,
396973,
397621,
397622,
397623,
397956,
398292,
398582,
398848,
399023,
400957,
402448,
402449,
402538,
402543,
402932,
404455,
404495,
405192,
405207,
406323,
406328,
406405,
407450,
408008,
411507,
411508,
412025,
412344,
413092,
413093,
413094,
413095,
413098,
413099,
413101,
413102,
413104,
413105,
413743,
413744,
413745,
414154,
415992,
416116,
416779,
416804,
416805,
416806,
417200,
417308,
417981,
417982,
417983,
418059,
418234,
418238,
418239,
418240,
418243,
418244,
418245,
418247,
418256,
421080,
421083,
421084,
421104,
421105,
421395,
421728,
421729,
422813,
422814,
423252,
423308,
424489,
427137,
427138,
427224,
427275,
427333,
427603,
428382,
428638,
430285,
430348,
430349,
430577,
430580,
431346,
431454,
431455,
431456,
431852,
431904,
432460,
433068,
433811,
433819,
434197,
434342,
434607,
435455,
435456,
435522,
435572,
436997,
436998,
436999,
438995,
438996,
439078,
439605,
440273,
440277,
440767,
440883,
440889,
441319,
441810,
442178,
442379,
442380,
443291,
443459,
444282,
444284,
444467,
444726,
444750,
445567,
446162,
446617,
446618,
446619,
446620,
446621,
446622,
446623,
446624,
446625,
446760,
446936,
447382,
447383,
447384,
447386,
447388,
447389,
447390,
447391,
447392,
447393,
447394,
447395,
447397,
447398,
447399,
447400,
447401,
447402,
447404,
447405,
447408,
447409,
447412,
447413,
447414,
447415,
447416,
447417,
447418,
447419,
447420,
447423,
447424,
447425,
447426,
447427,
447428,
447429,
447430,
447431,
447432,
447433,
447434,
447435,
447436,
447437,
447438,
447439,
447441,
447442,
447443,
447444,
447445,
447446,
447447,
447448,
447449,
447450,
447451,
447452,
447453,
447454,
447458,
447459,
447461,
447462,
447465,
447466,
447468,
447469,
447470,
447471,
447472,
447473,
447474,
447476,
447477,
447479,
447480,
447481,
447482,
447484,
447485,
447487,
447492,
447493,
447494,
447495,
447496,
447497,
447498,
447501,
447502,
447503,
447504,
447505,
447506,
447507,
447508,
447509,
447510,
447511,
447512,
447513,
447514,
447515,
447516,
447517,
447518,
447519,
447520,
447521,
447522,
447523,
447524,
447525,
447526,
447527,
447528,
447529,
447530,
447531,
447532,
447533,
447534,
447535,
447536,
447537,
447538,
447539,
447540,
447541,
447542,
447543,
447544,
447545,
447546,
447547,
447548,
447549,
447568,
447569,
447570,
447572,
447573,
447574,
447581,
447582,
447583,
447585,
447586,
447587,
447588,
447589,
447590,
447591,
447592,
447594,
447595,
447596,
447597,
447598,
447599,
447600,
447601,
447602,
447615,
447616,
447617,
447618,
447619,
447620,
447621,
447622,
447623,
447624,
447625,
447626,
447627,
447628,
447629,
447630,
447631,
447632,
447635,
447636,
447637,
447638,
447639,
447640,
447641,
447642,
447643,
447644,
447645,
447646,
447647,
447648,
447651,
447652,
447653,
447654,
447655,
447662,
447663,
447664,
447665,
447666,
447668,
447669,
447670,
447671,
447672,
447673,
447674,
447675,
447676,
447677,
447678,
447701,
447702,
447703,
447704,
447705,
447706,
447707,
447708,
447709,
447710,
447711,
447712,
447713,
447714,
447715,
447716,
447717,
447718,
447719,
447720,
447721,
447722,
447723,
447724,
447725,
447726,
447727,
447728,
447729,
447730,
447731,
447732,
447733,
447734,
447735,
447736,
447737,
447738,
447739,
447740,
447741,
447742,
447743,
447744,
447745,
447746,
447747,
447748,
447749,
447750,
447751,
447752,
447753,
447754,
447755,
447756,
447757,
447758,
447759,
447760,
447761,
447762,
447763,
447764,
447765,
447766,
447767,
447768,
447769,
447770,
447771,
447772,
447773,
447774,
447775,
447776,
447777,
447778,
447779,
447780,
447781,
447782,
447783,
447784,
447785,
447786,
447787,
447788,
447789,
447790,
447791,
447792,
447793,
447794,
447795,
447796,
447797,
447798,
447866,
447871,
447872,
447873,
447874,
447876,
447877,
447879,
448169,
448170,
448214,
448293,
448300,
448305,
448382,
448384,
448524,
448548,
448650,
448728,
448863,
448865,
448866,
448867,
448870,
448872,
448873,
448874,
448875,
448876,
448877,
448878,
448879,
448880,
448881,
448884,
448885,
448886,
448887,
448888,
448889,
448890,
448891,
448892,
448893,
448894,
448895,
448896,
448897,
448898,
448899,
448900,
448901,
448902,
448903,
448904,
448905,
448906,
448907,
448908,
448909,
448910,
448911,
448912,
448913,
448914,
448916,
448917,
448918,
448919,
448920,
448921,
448922,
448923,
448924,
448925,
448926,
448927,
448928,
448929,
448930,
448931,
448932,
448933,
448934,
448935,
448936,
448937,
448938,
448939,
448940,
448941,
448942,
448943,
448944,
448945,
448946,
448947,
448948,
448949,
448950,
448951,
448952,
448953,
448954,
448955,
448956,
448957,
448958,
448959,
448960,
448961,
448962,
448963,
448964,
448965,
448967,
448968,
448969,
448970,
448971,
448972,
448973,
448974,
448975,
448976,
448977,
448978,
448979,
448992,
448993,
448994,
448995,
448996,
448997,
448998,
448999,
449000,
449001,
449002,
449003,
449004,
449005,
449006,
449007,
449033,
449034,
449035,
449036,
449037,
449038,
449039,
449040,
449041,
449042,
449044,
449045,
449046,
449047,
449048,
449049,
449050,
449051,
449052,
449053,
449054,
449056,
449057,
449058,
449059,
449060,
449061,
449062,
449063,
449064,
449065,
449066,
449067,
449068,
449069,
449070,
449071,
449072,
449073,
449074,
449075,
449076,
449078,
449079,
449080,
449081,
449082,
449094,
449178,
449182,
449183,
449563,
449564,
449565,
449566,
449721,
449722,
449723,
449724,
449742,
449840,
450650,
450651,
450654,
450835,
450844,
450845,
450846,
450858,
450861,
450864,
450932,
451027,
451059,
451060,
451061,
451062,
451063,
451064,
451065,
451066,
451614,
451670,
451938,
452398,
452403,
452404,
453389,
453523,
453552,
453712,
453713,
454336,
454337,
454338,
454339,
454340,
454341,
454342,
454343,
454344,
454345,
454346,
454347,
454348,
454349,
454350,
454351,
454440,
454443,
454444,
454542,
454543,
454606,
454687,
454688,
454689,
456240,
456303,
456426,
456431,
456463,
456551,
456552,
456555,
456557,
456663,
456669,
456670,
456671,
456672,
456673,
456674,
456675,
456676,
456739,
456750,
456751,
456752,
456788,
456873,
456875,
457122,
457136,
457279,
457471,
457584,
457737,
457739,
457770,
457772,
457773,
457989,
457990,
457991,
458160,
458776,
458777,
458904,
458906,
458907,
458908,
458909,
458910,
458912,
458913,
458915,
459635,
459636,
459638,
459639,
459640,
459641,
459642,
459643,
459644,
459645,
459646,
459647,
459648,
459649,
459650,
459651,
460050,
460250,
460251,
460252,
460486,
460857,
461506,
461507,
461508,
461509,
461525,
461534,
461535,
461536,
461537,
461548,
461549,
461551,
461552,
461554,
461555,
461558,
461559,
461560,
461562,
461563,
461564,
461565,
461566,
461567,
461569,
461570,
461571,
461572,
461574,
461575,
461576,
461577,
461578,
461579,
461580,
461654,
461655,
461656,
461657,
461658,
461659,
461660,
461661,
461662,
461663,
461697,
461699,
461708,
462004,
462021,
462022,
462119,
462133,
462782,
462823,
462824,
462825,
462826,
462827,
462828,
462829,
462830,
462831,
462832,
462833,
463190,
463531,
463532,
463533,
463707,
463708,
463746,
463747,
463748,
463749,
463750,
463751,
463752,
463753,
463754,
463755,
463756,
463757,
463758,
463759,
463760,
463761,
463762,
463764,
463765,
463766,
463767,
463768,
463769,
463770,
463771,
463772,
463773,
463774,
463775,
463776,
463777,
463778,
463779,
463780,
463781,
463782,
463783,
463784,
463785,
463786,
463787,
463789,
463790,
463791,
463792,
463793,
463794,
463795,
463796,
463797,
463798,
463799,
463800,
463801,
463802,
463803,
463804,
463805,
463806,
463807,
463808,
463809,
463810,
463811,
463812,
463813,
463814,
463816,
463817,
463818,
463819,
463820,
463821,
463822,
463823,
463824,
463825,
463826,
463827,
463828,
463829,
463830,
463831,
463832,
463833,
463834,
463835,
463836,
463837,
463838,
463839,
463840,
463841,
463842,
463843,
463844,
463845,
463846,
463847,
464328,
464329,
464330,
464331,
464332,
464333,
464334,
464335,
464336,
464337,
464338,
464339,
464340,
464341,
464342,
464343,
464344,
464345,
464346,
464347,
464348,
464349,
464350,
464351,
464352,
464353,
464354,
464355,
464356,
464357,
464358,
464359,
464360,
464361,
464362,
464363,
464364,
464365,
464366,
464367,
464368,
464369,
464370,
464371,
464372,
464373,
464374,
464375,
464376,
464377,
464378,
464379,
464380,
464381,
464382,
464383,
464384,
464385,
464386,
464387,
464388,
464389,
464390,
464391,
464392,
464393,
464394,
464395,
464396,
464397,
464398,
464399,
464400,
464401,
464402,
464403,
464404,
464405,
464406,
464407,
464408,
464409,
464410,
464411,
464412,
464413,
464414,
464415,
464416,
464417,
464418,
464419,
464420,
464421,
464422,
464423,
464424,
464425,
464426,
464427,
464428,
464429,
464430,
464431,
464432,
464433,
464434,
464435,
464436,
464437,
464438,
464439,
464440,
464441,
464443,
464444,
464445,
464446,
464447,
464448,
464449,
464450,
464451,
464452,
464453,
464454,
464455,
464456,
464457,
464458,
464459,
464460,
464461,
464462,
464463,
464464,
464465,
464466,
464467,
464468,
464469,
464470,
464471,
464472,
464473,
464474,
464475,
464476,
464477,
464478,
464479,
464480,
464481,
464482,
464483,
464484,
464485,
464486,
464487,
464488,
464489,
464490,
464491,
464492,
464493,
464494,
464495,
464496,
464497,
464498,
464499,
464500,
464501,
464502,
464503,
464504,
464505,
464506,
464507,
464508,
464509,
464510,
464511,
464512,
464513,
464514,
464515,
464516,
464517,
464518,
464519,
464520,
464521,
464522,
464523,
464524,
464525,
464526,
464527,
464528,
464529,
464530,
464531,
464532,
464533,
464534,
464535,
464536,
464537,
464538,
464539,
464540,
464541,
464542,
464543,
464544,
464545,
464546,
464547,
464551,
464552,
464553,
464554,
464555,
464556,
464557,
464558,
464559,
464560,
464561,
464562,
464563,
464564,
464565,
464566,
464567,
464568,
464569,
464570,
464571,
464572,
464573,
464574,
464575,
464576,
464577,
464578,
464579,
464580,
464581,
464582,
464583,
464584,
464585,
464586,
464587,
464588,
464589,
464590,
464591,
464592,
464593,
464594,
464595,
464596,
464597,
464616,
464617,
464882,
464883,
464903,
464957,
464958,
465322,
465323,
465324,
465325,
465326,
465327,
465328,
465334,
465394,
466225,
466370,
466549,
466576,
466591,
466592,
466596,
466598,
466600,
466762,
466770,
466788,
466991,
467042,
467079,
467080,
467081,
467200,
467201,
467283,
467284,
467292,
467327,
467401,
467414,
467418,
467419,
467420,
467424,
467427,
467487,
467488,
467489,
467490,
467491,
467492,
467493,
467494,
467556,
467575,
467577,
467708,
468302,
468433,
468435,
468477,
468533,
469055,
469056,
469179,
469710,
470282,
470286,
470287,
470288,
470289,
470290,
470608,
470686,
471186,
471190,
471192,
471352,
471353,
471409,
471859,
471860,
471861,
471959,
471969,
471970,
471985,
472263,
472894,
472895,
472896,
472932,
473129,
473131,
473132,
473133,
473285,
473440,
473619,
473648,
473689,
473721,
473722,
473723,
474065,
474203,
474204,
474205,
474206,
474366,
474371,
474374,
474391,
474487,
474918,
475579,
475581,
476019,
476406,
476495,
476867,
477124,
477125,
477466,
477915,
478331,
478478,
478485,
478578,
478601,
478603,
478641,
478643,
478644,
478645,
478646,
478660,
478662,
478663,
478700,
478702,
478705,
478706,
478715,
478788,
478799,
478895,
479063,
479064,
479079,
479112,
479121,
479691,
479982,
480162,
480242,
480243,
480244,
480307,
480363,
480367,
480368,
480370,
480384,
480385,
480386,
480387,
480388,
480389,
480390,
480424,
480425,
480426,
480432,
480669,
481027,
481037,
481099,
481100,
481106,
481109,
481114,
481117,
481121,
481122,
481123,
481124,
481125,
481135,
481412,
481496,
481558,
481586,
481744,
482522,
482665,
482948,
482949,
483052,
483338,
483355,
483495,
483496,
483497,
483524,
483525,
483528,
484303,
484415,
484522,
484536,
484537,
485171,
485814,
486604,
600919,
601033,
601311,
601312,
601386,
601656,
601854,
601855,
602343,
602645,
602739,
602744,
603546,
603969,
605810,
605815,
606043,
606205,
606253,
606585,
606883,
606946,
609266,
609438,
609439,
609440,
609441,
609442,
609443,
609783,
610035,
610142,
610444